$ANSIBLE_VAULT;1.1;AES256
39303037653364636366653030393032623064363233633065313163363166373130613734643365
6536643639383331623566376665383566363465613534350a343761363664336465656161653739
30333831376662356132653463333331323430646230366436373335623433373061666563383237
6133386634326634650a343637656263646562373763653064613735663133333637323064363337
32613434633466366539336134646633343834306135366234393466626161636162643064386232
34396265363365326463383631333032653334643533326335383937626566653563343938363637
65313339366565356436386431393539316232653664333533356561353364353661363938613534
36323430356366393566653836633239653164633332373131383663393836316532343764666561
63323235383038353965613336346563663064333838613730366539656336346166636464333631
38333330616133643161323830613935353036386432646332386436316162656335383566636635
38636465666635303964613566663661393130336565666661616366366531313237313461333236
39656261633865643031356634383939643664393336356334633238333235373838383033383936
31306437383261623865633733663030313432646431376664633333313038643364636161343636
35393965396361313164623362363565666666343661626535666535316563313636353464663830
33353935643934326362343165663861306134376264336263623137613732353562363134636435
35363539663564643264303364333061656166356662313862323663363732333432336331643234
30376662653832353836646232383233623462643438393630326538376264663633316435376364
62623138373431316166383166646464386362316632356463303066336663623531616133663934
37383364366664383935396664653131613532376530653532636661626561393063333232633166
33306336333733336339623464366537366539333262393234376633343932633335393233633966
66346561303235383332313538643765636239656138343731633861363661393463346162383935
34613639646531303837613439663835366562376663663763376261353463656264363238306532
38636431623965343434303865666162653132383262343763303933623861393837303132393838
36363039336438336263353734313461613733663562623266383262363333623364316435393630
33346464373036303537396166373531626335333535363732633234336331303164303230663033
63316462306466666666616461373333313861353134613564363465643162393063343537316630
33333461353464326565353732663763653933303064636532653063393234646135346230633435
62636230656630313332326263393637653164653037373562333261313766366439633962316465
34646265316133616466626434376133356366653336626135653937386564373764653462313335
34383233343664396631333234633663316436366162386162363534663733376137656132323063
66376561646435663638663835363834643435366334613138366439623536316465306635353563
30336538623730383063386461666533393364393866623665306164663666656433653761643332
34363063326330663833613331313262333563666630336539396430326139363232383362393664
36323466323832616165326134393262363463386339376135663134613464613933363564656530
35346231363330366161633266613464356666303636653565353364383132666332323032356464
62356433636431633061383233363434663436663730626430663166393135353231653639363061
35396364653537383636623663323230306536613563383834663836623965316531383365646634
32376566636336356133396235313962636438363237393830326535646463663233616462303361
63633335353965346565353130396338383332396330623931306233306465303337343464666364
66643539653434336465363233386432373761323230663564363834373332623565326635386436
32643362366537366137393139396536656366643933653436656637313764646264636137656665
31643937313834376438633232626661313663366162336334316634613365653563306535303562
66353031643235643462363664643234633532626430626633623464303937313830643364366337
65333738343431636163346534656332303963623037366266343764343164376136623566363963
39373963303038393734306237303264623731396635343336393333666166663633613166393637
39386161633933306330363566323232363937373965393536393033633132333630353331356435
66386631383366623262393839336466316461323931343434636564363063623137383630303533
37396663336561653965313731363365313062666561346363613962653663343035316563336237
34343633626230353465643136366239636439633537333761613638333236616136393034386639
30366661663737623336346333333165666466356139383831653064343237343733323939633634
36313833613662353834336139626666656438333264653732646533613930396436656337623331
31323431336564356662666237353062633765356530346237636165633433346263623930656166
65636661663039626530326564666430343965393662656362386135323765653130656236386630
61646166386535393165333962323064356436353964636235346331643461353465656534656335
62386336373033626164343538656131663736333963626465633034393332663666313634346162
36666261633735666637323735663963366433363165646362393463653966353465313931656437
63376663373932336130333930383033616235616339366462663431353234393662653766653465
66623835356130366232656465333036303339386364396463633765386337326466666333646465
34663538306530336237613830343063333964346535346437323633373966313134356537643833
39363235613962323664386264353665663661323564623630383237313564386136656165643938
65353963636366373533393338373331333530663461393135363933626162343038333630363964
37353034626335376532656633343862663366346336373131326336316561316663663961343261
62393361656233333461346230373932356430393637363035353634646531646163613436373236
61363932633635353430353835313866383962396638373632336366643161613437316466343565
38613638653535376432666435316463323836393832353534613432616432643037633066666330
38336530643039363265636533373663633065623561313933316537343066323339313638653765
64383937393663356131333966313036356438396539633434656162343866353864633033616663
36366539383731323561656432363961393433343939336461663830306464393235663031633365
36633137636139333361376131396134323265396462633461396165353936636638623166326666
62623662653735313161356638393433326566613039616463623364383766373739623166663637
64626239356637323236613134366430383265653763663835613263366434363233383265356632
63376530646661383462303833346239323766343361656231343064613835393637353966633363
31396335323164313837346532333462366132643632646430333161643264656462336331353763
63633636383865333038656431323762306562346664313665303065306435323338653838313763
31306639376437306262396139333530666432343139326132633362353165326166353937353366
35316664383561326637386563303965363036656330373462636636373938616662643863323632
62623662623262306165323432396539313832343666323162616333626266303863646161623064
36636133356366623130373230333165343066313435636334636438653061396139663330663632
36623963623662356130376539363739383632623337353761643136386364666564316461343039
31643234343661303231333134393739623232326334663939636237613339363363393764376231
39306232383034653330366231303265316462666133646433613162336535323161333061333730
63333666653234353237386331323731383530393362653833343662326238376233376561343638
66616636643936376366353062366435353536303834323936623538313663666130336431306434
64366436613836623530306461393465396234383366623033393035316634393764666332346435
63653231663066326666356666633531373566616432666261353066373031643732653433356463
39343733323336303932666466343831346436613139636566313963303139383866306161396431
65653636383337393434626639363762323566353438353065363033313261303966613563646635
30636537336164626462313333653164303066373637623464383933383235313633646635356334
62353935306633346139643661633530656232383065383066313462613332316562356163623839
61343865353239343035306333643135333436346463626334613261353538643863363739656561
35373866653039333461313739326537393164333261366165343834343732336462646533343332
62376561393136643435656630333831343034336239306362356130653265333132346431653831
61303139613334623662333735623232386230316231336163383035393731643365373537666233
39633636623036643066343637346531323162343164356562663765333564356333633264386633
62373565326266393138626137663162393365356134343839343862373238323138626439653431
34623439663632653863633161393337363130313233386530653864333132306239393066333063
39383461336233616539336162346436633232306130623231373765313132343264396339333262
39643830366437383037623265643731386639313232386139616430623736656335613236303864
31386331333838613230366434326566396632376265353635356465363435626237643638666464
34386163303461356336343630663836653862623461326465623537646262333134663261633937
64646339383539623566616665333164613264313765663733313062656639383061383135373932
61646437316261353461653166316338393930316532386263613963646165636331306337643939
32343538376136366461306264333139666364633366383735343539343466623730663735633636
31373962333636333031393830373133616134393135306131653865656630373665623332643836
61373739333764336332363664383930333666613832373833356662313761363433346237303532
33643530313631323964316539323236333833353432316262303136336433386163616235643662
30363937383631303430363633363534333730336361383565393435343433303363636461623631
35313364303434613534666261366466313530313734346239363932303564656366343732366530
64663332373265386337343037303964383565656537663530663333633333353566626461373434
38613037646365643535383335333430376662323031646666616264663835353634356263396133
30356139383761333161616461373032383830653736363138353735393335303730393862626461
35393030396566633864306533353732663461643139616562383138343638316636316134393766
37343636306161636566326162376231313336386631623936326532636636373936666130383464
66393531653230626339383531396134626361363839336662343466666561643235383537653030
63376534366337313138623135666161303839306238383861316438383865343662623731663966
64346461303931306663373633666665653636366432356638316462356334373163646136663035
61356432623131643734653462393435373032343336613363633266363537336530373665366263
61626439366163303635366638333863383639653761383766616230376537313534653461373133
32363838316638313036373562383265376364663263366532333630626262393133656561656634
63643337323334343134316663386563326361353363353439633238326636393462396564316330
37363063393537646363343863633032313334326134303364643065653463343530383033653236
33316532626235653531643365323330363466353166623538396630313666363333626561653263
31353130353230353832303238306431353634633938656264626564393361336432626335353733
65386131663034633964373931613731343237313334333934393538363134353864313534653834
38643064663034333739623632343634326464633666616435313339666664643761343938613330
63323934643335303537656534336234356334363764346531663332313339313138386539313833
66343837353261336439636263666464333830323439613262323739633236326564373832323039
38663633383366663363626533306635666463386330333436663464633239323634663062333433
65356365303232376462653362383738303938326666656638623834383366643830366239636331
65666466303666353139303534316362313436613236393034363431323564373264333662636265
63636465383039656263336134643030333331323335376134343562373964636466316565366531
62333761326239393238363134616138373734373232373938393732623536393363303735356261
62396233646163393734653430663337636534633964333937336232383638343333613964623030
6335306264363838393066633832653139316135613937333435
