$ANSIBLE_VAULT;1.1;AES256
35373164386464323235626635633336336137646261386337383465663030316464646534663538
6435316566626464323965316530666236613861333333360a323434616162653837396266356464
64323337383837613832626463306138363139386239626435376463393161616230613635613534
3737313939383731660a363233353937373765326135383236346364393839396366623662346234
34633137383866653633353634656262353066396264653833353935386361656665333932353936
33623439623439386131336564633565323137326564656131396532393133653937376665386263
61396331626266353735643233663930306130366364663765336231623665633733393762633035
34343134376139353263366239356339376435396131393939386237323965633438383239613261
38326535653632666163343236373566643137623461386665316665653935393435623063303364
66306663303533613932373762653162376330396430626131363037356264666661303033346537
623562376564323530643538363464656432
